31.6808 31.6982 31.6919 31.6827 31.68
31.68 31.6809 31.6982 31.6919 31.6795
31.6795 31.68 31.6809 31.6982 31.6799
31.6799 31.6795 31.68 31.6809 31.6803
31.6803 31.6799 31.6795 31.68 31.6685
31.6685 31.6803 31.6799 31.6795 31.6703
31.6703 31.6685 31.6803 31.6799 31.6703
31.6703 31.6703 31.6685 31.6803 31.6762
31.6762 31.6703 31.6685 31.6803 31.6767
31.6767 31.6762 31.6703 31.6703 31.6761
31.6727 31.6767 31.6762 31.6703 31.6727
31.6973 31.6727 31.6767 31.6762 31.6973
31.7722 31.6973 31.6727 31.6767 31.7722
31.7159 31.7722 31.6973 31.6727 31.7159
31.7109 31.7159 31.7722 31.6973 31.7109
31.7314 31.7109 31.7159 31.7722 31.7314
31.7411 31.7314 31.7109 31.7159 31.7411
31.6977 31.7411 31.7314 31.7109 31.6977
31.7408 31.6977 31.7411 31.7314 31.7408
31.7701 31.7408 31.6977 31.7411 31.7701
31.7701 31.7701 31.7408 31.6977 31.7646
31.7646 31.7701 31.7701 31.7408 31.7744
31.7744 31.7646 31.7701 31.7701 31.7909
31.7909 31.7744 31.7646 31.7701 31.7756
31.7756 31.7909 31.7744 31.7646 31.7756
31.7756 31.7756 31.7909 31.7744 31.7756